##TITLE= Parameter file, TopSpin 4.1.4
##JCAMPDX= 5.0
##DATATYPE= Parameter Values
##NPOINTS= 2	$$ modification sequence number
##ORIGIN= Bruker BioSpin GmbH
##OWNER= labo850
$$ 2023-02-06 17:23:18.031 +0100  labo850@RMN850n
$$ /opt/nmrdata/data/TGIR_Legein.1650/nmr/RbTa2O5F/160/pdata/1/clevels
$$ process /opt/topspin4.1.4/prog/au/bin/clev
##$LEVELS= (0..255)
-623848161.99971 -390972203.692756 -245026391.63092 -153560616.403434 -96238053.1878471
-60313400 60313400 96238053.1878471 153560616.403434 245026391.63092 390972203.692756
623848161.99971 0 0 0 0 0 0 0 0 0 0 0 0 0 0 0 0 0 0 0 0 0 0 0 0 0 0 0 0
0 0 0 0 0 0 0 0 0 0 0 0 0 0 0 0 0 0 0 0 0 0 0 0 0 0 0 0 0 0 0 0 0 0 0 0
0 0 0 0 0 0 0 0 0 0 0 0 0 0 0 0 0 0 0 0 0 0 0 0 0 0 0 0 0 0 0 0 0 0 0 0
0 0 0 0 0 0 0 0 0 0 0 0 0 0 0 0 0 0 0 0 0 0 0 0 0 0 0 0 0 0 0 0 0 0 0 0
0 0 0 0 0 0 0 0 0 0 0 0 0 0 0 0 0 0 0 0 0 0 0 0 0 0 0 0 0 0 0 0 0 0 0 0
0 0 0 0 0 0 0 0 0 0 0 0 0 0 0 0 0 0 0 0 0 0 0 0 0 0 0 0 0 0 0 0 0 0 0 0
0 0 0 0 0 0 0 0 0 0 0 0 0 0 0 0 0 0 0 0 0 0 0 0 0 0 0 0 0 0 0 0 0 0 0 0
##$LEVSIGN= 0
##$MAXLEV= 6
##$METHOD= 0
##$NEGBASE= -60313400
##$NEGINCR= 1.59563302993774
##$POSBASE= 60313400
##$POSINCR= 1.59563302993774
##END=
