##TITLE= Parameter file, TopSpin 4.1.4
##JCAMPDX= 5.0
##DATATYPE= Parameter Values
##NPOINTS= 3	$$ modification sequence number
##ORIGIN= Bruker BioSpin GmbH
##OWNER= labo850
$$ 2023-09-10 10:44:20.255 +0200  labo850@RMN850n
$$ /opt/nmrdata/data/TGIR_Legein.1650/nmr/RbNb2O5F/255/pdata/1/clevels
$$ process /opt/topspin4.1.4/prog/au/bin/clev
##$LEVELS= (0..255)
-508565131.125539 -387928415.641404 -295907930.866188 -225715621.797733
-172173627.703733 -131332328 131332328 172173627.703733 225715621.797733
295907930.866188 387928415.641404 508565131.125539 0 0 0 0 0 0 0 0 0 0
0 0 0 0 0 0 0 0 0 0 0 0 0 0 0 0 0 0 0 0 0 0 0 0 0 0 0 0 0 0 0 0 0 0 0 0
0 0 0 0 0 0 0 0 0 0 0 0 0 0 0 0 0 0 0 0 0 0 0 0 0 0 0 0 0 0 0 0 0 0 0 0
0 0 0 0 0 0 0 0 0 0 0 0 0 0 0 0 0 0 0 0 0 0 0 0 0 0 0 0 0 0 0 0 0 0 0 0
0 0 0 0 0 0 0 0 0 0 0 0 0 0 0 0 0 0 0 0 0 0 0 0 0 0 0 0 0 0 0 0 0 0 0 0
0 0 0 0 0 0 0 0 0 0 0 0 0 0 0 0 0 0 0 0 0 0 0 0 0 0 0 0 0 0 0 0 0 0 0 0
0 0 0 0 0 0 0 0 0 0 0 0 0 0 0 0 0 0 0 0 0 0 0 0 0 0 0 0 0 0 0 0 0 0 0 0
0 0 0 0 0 0 0 0 0 0 0 0 0 0 0 0 0 0
##$LEVSIGN= 0
##$MAXLEV= 6
##$METHOD= 0
##$NEGBASE= -131332328
##$NEGINCR= 1.31097674369812
##$POSBASE= 131332328
##$POSINCR= 1.31097674369812
##END=
